# Created by Octave 7.3.0, Wed Apr 16 19:05:19 2025 GMT <unknown@NB-0646>
# name: grupoTest
# type: matrix
# rows: 60
# columns: 4
 3.0600000000000001 1065 0.8704640962497241 0.13375857203847275
 3.4900000000000002 1480 0.25443506179050235 0.13420465975504159
 2.52 1290 0.50843381848038949 0.54762838452325269
 3.1499999999999999 1045 0.24296247296894413 0.41407828079156972
 2.7599999999999998 1320 0.49919238874551219 0.73049069767460006
 2.9100000000000001 1310 0.80948282505206148 0.83412403654276612
 3.9300000000000002 1680 0.49343053403482517 0.32816528018878866
 2.4100000000000001 770 0.7602567464101162 0.65778819088084473
 2.6099999999999999 845 0.78874303978821891 0.20677461363354654
 2.1899999999999999 1285 0.85192972780199117 0.72861218271517358
 3.25 1285 0.0062497568874264608 0.10512392705070783
 2.7400000000000002 1235 0.90745486130013742 0.13934560874302404
 2.6800000000000002 880 0.88890963000045453 0.59587105215470271
 3.04 760 0.1622069123793588 0.94986126968992157
 3.5600000000000001 1095 0.042110913357905289 0.51105771680794176
 2.6499999999999999 1080 0.79977478545228964 0.76636677158411182
 2.9199999999999999 1060 0.87305129455719177 0.16559239300133954
 2.9900000000000002 1265 0.078276483301632171 0.98390800361012754
 2.8999999999999999 1060 0.012779071087349325 0.15000659537681227
 3.23 1270 0.82331468800560381 0.50545241733980106
 1.0900000000000001 680 0.97815257327007266 0.55737632993152519
 3.1000000000000001 420 0.78589232034758105 0.70389306031976395
 3.1800000000000002 502 0.14213858355342324 0.4978363866743678
 1.28 718 0.868031509060047 0.8961886601275002
 1.8400000000000001 472 0.50828440566290889 0.23948289279686807
 1.5700000000000001 428 0.61498049420820233 0.1252316763858875
 1.8500000000000001 750 0.69544657530772791 0.24439149484681588
 2.5299999999999998 714 0.95571867174439828 0.59860951565630449
 2.21 520 0.75054401228051681 0.35498346983092399
 1.6100000000000001 562 0.20715337601616779 0.79630925925121609
 1.5 480 0.85904556182715652 0.80174497294545455
 2.25 290 0.50693957714736582 0.66028441333635723
 0.98999999999999999 625 0.20986375627723286 0.21252589520450571
 2.9900000000000002 406 0.89849094634327276 0.03749443997977564
 2.1099999999999999 438 0.0094803274660286707 0.88247953176347749
 1.8400000000000001 315 0.06450628318189644 0.2152719837771423
 2.04 312 0.97211966761041224 0.48798573810361856
 2.27 325 0.57096957513896185 0.35380464790016786
 2.29 385 0.35321412241938122 0.65268765491667213
 2.0899999999999999 345 0.89380947842513681 0.72342985604872345
 2.79 625 0.83119167110118253 0.073591111055943403
 2.6499999999999999 380 0.32319992161624223 0.80660629804372197
 3.1499999999999999 352 0.7526376962693091 0.84841468746567272
 1.75 580 0.8159231854753124 0.73227110236067439
 1.0900000000000001 560 0.068358373840421538 0.87607894622370153
 0.66000000000000003 695 0.341226593843311 0.92738662040046438
 0.47999999999999998 580 0.068637720213648112 0.87240166339513803
 0.5 780 0.66548837692560692 0.57392626919421197
 0.78000000000000003 855 0.078993226669744954 0.53526363179036873
 0.65000000000000002 625 0.26413790149689698 0.57758047538878909
 1.5700000000000001 500 0.36590288118238212 0.37770271114760368
 0.82999999999999996 675 0.47456191131821857 0.22883859420053787
 0.82999999999999996 480 0.91540362088940785 0.6492995073818647
 1.1000000000000001 620 0.34148029553993808 0.79718511710825979
 0.59999999999999998 570 0.42990038996806645 0.12569689332429568
 0.46999999999999997 520 0.74752927439730821 0.24055376808752127
 0.83999999999999997 750 0.77207833630620959 0.11017766975658616
 0.51000000000000001 470 0.74155050438930703 0.3289262213576617
 0.75 750 0.051397078396538176 0.33317459744117228
 0.76000000000000001 560 0.59085408075107793 0.2938982937129524


# name: grupoTrain
# type: matrix
# rows: 118
# columns: 4
 2.7599999999999998 1050 0.54758628924431341 0.4008731472957231
 3.2400000000000002 1185 0.69052207624534023 0.70363864520576913
 2.6899999999999999 735 0.67137765280479833 0.19601939990581985
 3.3900000000000001 1450 0.89931810730892503 0.28979923342348823
 2.5099999999999998 1295 0.98941424982124893 0.91599256958226727
 2.98 1045 0.42760249303970488 0.84048392284373663
 3.3199999999999998 1510 0.8467367499576447 0.62114941194717954
 2.4300000000000002 1280 0.40679180702716966 0.033943390960290531
 3.6899999999999999 1150 0.66840128248066921 0.36296803201058403
 3.6400000000000001 1547 0.64081681121843959 0.4445988267656662
 3.1400000000000001 1280 0.62180209810382037 0.064570731736679821
 3.3999999999999999 1130 0.95777481260786013 0.77193366402849439
 3.0299999999999998 845 0.98436229593824887 0.80117722588809748
 3.1699999999999999 780 0.1544815408215543 0.0069820090979823002
 2.8799999999999999 1035 0.098415415694354191 0.82733763093729695
 2.3700000000000001 1015 0.40466918871082092 0.51070726232896757
 2.6800000000000002 830 0.45306820512148127 0.065871332727604703
 2.9399999999999999 1195 0.018717576599557084 0.10838578857677328
 2.9700000000000002 915 0.15211998669324311 0.33774878456491653
 2.3300000000000001 1035 0.27253829698214194 0.4541060785206934
 3.1899999999999999 1515 0.9864371119729799 0.50037994063144209
 2.6899999999999999 990 0.62726167359627705 0.23219151056063536
 2.5299999999999998 1095 0.098860318086630983 0.60113524877079805
 2.98 920 0.42739171765360195 0.15737348459977507
 2.4300000000000002 1105 0.80142465757985282 0.95409249976752963
 2.6400000000000001 1020 0.0055238724881752077 0.7586661422271227
 3.29 795 0.04725879101277719 0.35395048314488531
 2.6800000000000002 1035 0.89455044952874307 0.53292873840735133
 2.6299999999999999 680 0.31493087249273843 0.19030447024328356
 3 885 0.54949363210044722 0.77712180026098565
 3.1699999999999999 1065 0.50291217552849676 0.91334155161848773
 3.3900000000000001 985 0.6291770198885297 0.27858338500196855
 3.54 1260 0.070860076953476181 0.41435774239894452
 3.27 1150 0.50503256927639917 0.34509451253885004
 3.7400000000000002 1190 0.74816550984664376 0.45126996637959105
 2.79 1375 0.28126704539718039 0.78426648982135583
 2.7799999999999998 1120 0.55019194061300691 0.84306518243997053
 3 970 0.79781325720646423 0.038747040019711521
 3.6699999999999999 1285 0.41702083770705023 0.60380478104902435
 0.56999999999999995 520 0.48537367330690862 0.22159143943554516
 1.4099999999999999 450 0.77016686807454027 0.23534540169681906
 1.79 630 0.34878285251607088 0.4030615176010055
 1.75 355 0.57307041768500788 0.73897671729090886
 2.6499999999999999 678 0.84077179651501188 0.022071320624221569
 2 510 0.69656277659609755 0.31803382388627666
 1.3 750 0.069735241016261162 0.20258843398898596
 1.02 870 0.80740632002115931 0.16266175023389506
 2.8599999999999999 410 0.92810784919273892 0.3489438104227196
 2.8900000000000001 985 0.1217810015666364 0.3513358679626345
 2.1400000000000001 886 0.93689465575427777 0.58700382940654561
 2.0299999999999998 392 0.93084294865432171 0.88569105226870448
 1.3200000000000001 500 0.59690004027911192 0.75572643693316388
 2.5499999999999998 463 0.4467449673223437 0.76433367168290933
 2.2599999999999998 278 0.77785726548629874 0.017213441133513196
 1.5800000000000001 630 0.61869228582098079 0.093901652072254094
 1.5900000000000001 515 0.85271148915686601 0.3319770455742479
 1.9399999999999999 450 0.67387877616271852 0.088165231385435083
 1.6899999999999999 495 0.69620789524312121 0.35083697414539694
 1.6899999999999999 680 0.030871321885041159 0.40267534507307956
 1.5900000000000001 625 0.67791737422117526 0.34788680020143647
 1.25 450 0.79678347738768951 0.17461529604213644
 1.46 495 0.42066948989968034 0.91250634704609146
 2.2599999999999998 345 0.97887080751107913 0.7804218389760772
 2.27 937 0.46994563474089279 0.98755416667052642
 2.5 428 0.76209643148336725 0.45676037917260381
 3.75 660 0.20079630337325871 0.83609617453249496
 2.1699999999999999 710 0.87846487671440232 0.061140757115369038
 1.3600000000000001 562 0.25437220076085387 0.90078963900470121
